Mesero: 1
Día: 1
 47.84 45.41 24.40 44.26 28.59 38.95 40.09  7.44
Día: 2
  0.00  0.00  0.00  0.00  0.00  0.00  0.00  0.00  0.00
Día: 3
  0.00 47.99  8.59 37.04 30.79 24.81 33.77  5.60 42.03
Día: 4
 33.72  0.00  0.00  0.00  0.00  0.00  0.00  0.00  0.00
Día: 5
  0.00 16.03 16.31 11.02 15.61 15.32 46.17 38.00 38.44
Día: 6
 18.63  0.00  0.00  0.00  0.00  0.00  0.00  0.00  0.00

Mesero: 2
Día: 1
  8.36 41.50 36.90 39.48 22.99 36.57 35.38 25.90 47.03
Día: 2
  0.00  0.00  0.00  0.00  0.00  0.00  0.00  0.00  0.00
Día: 3
 42.61 34.51 40.31 27.22 31.89  5.81 28.63 47.11  6.27
Día: 4
  0.00  0.00  0.00  0.00  0.00  0.00  0.00  0.00  0.00
Día: 5
  8.87 11.25 33.05 32.14  5.40 36.48 27.47 39.09
Día: 6
 11.47  0.00  0.00  0.00  0.00  0.00  0.00  0.00  0.00

Mesero: 3
Día: 1
 30.40  5.05 28.82 26.02 44.92 12.73 36.25 46.58 15.73
Día: 2
  0.00  0.00  0.00  0.00  0.00  0.00  0.00  0.00  0.00
Día: 3
 49.75 12.39  6.85 18.09 17.07 28.22 10.85 33.61 41.49
Día: 4
  0.00  0.00  0.00  0.00  0.00  0.00  0.00  0.00  0.00
Día: 5
 42.19 25.87 30.68 20.43 28.09 19.92 16.66 36.52 38.27
Día: 6
  0.00  0.00  0.00  0.00  0.00  0.00  0.00  0.00  0.00

Mesero: 4
Día: 1
 44.57 10.24 38.93 25.72 24.67  7.17 39.72 34.47 44.76
Día: 2
  0.00  0.00  0.00  0.00  0.00  0.00  0.00  0.00  0.00
Día: 3
 22.39 45.02 15.77 46.15 35.22 40.63 10.68 28.96  9.85
Día: 4
  0.00  0.00  0.00  0.00  0.00  0.00  0.00  0.00  0.00
Día: 5
 31.27 27.05 41.92 44.18 22.98 42.18 26.02 31.45 38.25
Día: 6
  0.00  0.00  0.00  0.00  0.00  0.00  0.00  0.00

Mesero: 5
Día: 1
 10.68 41.50 39.99 33.22 10.87  9.01 15.01 49.24 40.52
Día: 2
  0.00  0.00  0.00  0.00  0.00  0.00  0.00  0.00  0.00
Día: 3
 49.24 24.82 33.76 30.49 35.15 44.03 20.59 10.04
Día: 4
 29.89  0.00  0.00  0.00  0.00  0.00  0.00  0.00  0.00
Día: 5
  0.00 42.76  8.81 25.12 42.62 25.62 19.24 29.18
Día: 6
 48.68  0.00  0.00  0.00  0.00  0.00  0.00  0.00  0.00

Mesero: 6
Día: 1
 22.62 28.80 35.30 14.20 43.84 15.75  8.60 13.34
Día: 2
  0.00  0.00  0.00  0.00  0.00  0.00  0.00  0.00  0.00
Día: 3
  0.00  8.36 40.73 17.97  5.07 37.95 22.53 42.16 38.47
Día: 4
 23.40  0.00  0.00  0.00  0.00  0.00  0.00  0.00  0.00
Día: 5
  0.00 47.36 18.99  8.61 32.46 26.79 41.15 20.68 29.06
Día: 6
 10.22  0.00  0.00  0.00  0.00  0.00  0.00  0.00  0.00

Mesero: 7
Día: 1
 33.59  5.19 46.58 41.34 11.80 20.20 22.35 24.22 34.47
Día: 2
  0.00  0.00  0.00  0.00  0.00  0.00  0.00  0.00  0.00
Día: 3
 36.92 13.34 26.28  8.27 18.31 49.47 25.17 12.69  8.53
Día: 4
  0.00  0.00  0.00  0.00  0.00  0.00  0.00  0.00  0.00
Día: 5
 34.14 14.52 25.12 48.50 25.25 12.13 24.50 44.56 24.20
Día: 6
  0.00  0.00  0.00  0.00  0.00  0.00  0.00  0.00  0.00

Mesero: 8
Día: 1
 42.36 37.92 45.51 15.59 28.17 14.80 34.78 25.14 49.68
Día: 2
  0.00  0.00  0.00  0.00  0.00  0.00  0.00  0.00  0.00
Día: 3
 18.74 45.87 36.93 32.53 12.70  8.79 13.36 22.04
Día: 4
 41.45  0.00  0.00  0.00  0.00  0.00  0.00  0.00  0.00
Día: 5
  0.00 34.57 38.87 12.74 33.35 37.07 33.98 26.18 10.47
Día: 6
  0.00  0.00  0.00  0.00  0.00  0.00  0.00  0.00  0.00

Mesero: 9
Día: 1
 46.99 46.83 44.75  5.82 27.13 12.37 20.04 42.76
Día: 2
  0.00  0.00  0.00  0.00  0.00  0.00  0.00  0.00  0.00
Día: 3
  0.00 31.21 16.72 49.88 21.30 20.67 40.97 34.81 34.77
Día: 4
 43.34  0.00  0.00  0.00  0.00  0.00  0.00  0.00  0.00
Día: 5
  0.00 14.67 34.23 39.91 40.81 43.62 44.05 49.33 40.72
Día: 6
  6.95  0.00  0.00  0.00  0.00  0.00  0.00  0.00  0.00

