Mesero: 1
Día: 1
 47.84 45.41 24.40 44.26 28.59 38.95 40.09  7.44
Día: 2
 47.99  8.59 37.04 30.79 24.81 33.77  5.60 42.03 33.72
Día: 3
 16.03 16.31 11.02 15.61 15.32 46.17 38.00 38.44 18.63
Día: 4
 16.51 44.19 28.77 32.86 45.63 40.72 12.42  9.81 15.21
Día: 5
 28.61 46.44 44.48 13.54 45.24 38.57 13.25  5.64 11.88
Día: 6
 46.29  8.91 45.75  8.20 32.98 42.79 36.66  6.11 43.91

Mesero: 2
Día: 1
  8.36 41.50 36.90 39.48 22.99 36.57 35.38 25.90 47.03
Día: 2
 42.61 34.51 40.31 27.22 31.89  5.81 28.63 47.11  6.27
Día: 3
  8.87 11.25 33.05 32.14  5.40 36.48 27.47 39.09 11.47
Día: 4
  5.83 44.24 16.42 48.01 24.07 33.77 34.03  7.01 21.42
Día: 5
 14.16 35.06 26.45 47.79 21.90 23.55 43.76 34.74
Día: 6
  7.30 17.95 22.60 16.21 18.82 26.76  5.85 35.52 10.35

Mesero: 3
Día: 1
 30.40  5.05 28.82 26.02 44.92 12.73 36.25 46.58 15.73
Día: 2
 49.75 12.39  6.85 18.09 17.07 28.22 10.85 33.61 41.49
Día: 3
 42.19 25.87 30.68 20.43 28.09 19.92 16.66 36.52 38.27
Día: 4
 10.93 46.28  7.41  6.15 32.46 29.79 30.18  8.81 38.80
Día: 5
 11.60 11.89 13.84 26.05 44.00 42.34 20.22 47.56 48.97
Día: 6
 34.86 10.94 24.18 25.37 16.72 17.39 40.12 10.30 26.74

Mesero: 4
Día: 1
 44.57 10.24 38.93 25.72 24.67  7.17 39.72 34.47 44.76
Día: 2
 22.39 45.02 15.77 46.15 35.22 40.63 10.68 28.96  9.85
Día: 3
 31.27 27.05 41.92 44.18 22.98 42.18 26.02 31.45 38.25
Día: 4
 49.17 17.90  9.60 34.71  9.33 49.51 25.87 14.53 17.95
Día: 5
  5.09 11.41 49.77 28.88 21.23 14.60 17.10 43.91  6.40
Día: 6
 43.61 18.87 40.70  8.45 20.60 42.38 10.12 22.24

Mesero: 5
Día: 1
 10.68 41.50 39.99 33.22 10.87  9.01 15.01 49.24 40.52
Día: 2
 49.24 24.82 33.76 30.49 35.15 44.03 20.59 10.04 29.89
Día: 3
 42.76  8.81 25.12 42.62 25.62 19.24 29.18 48.68
Día: 4
 21.36 17.17 11.10 23.65 17.71 13.26  7.17 38.52 42.51
Día: 5
 13.12 32.83 46.41 17.66  9.00 46.81 33.40 21.65
Día: 6
 14.72 34.48 40.29 10.36 25.46 22.81  8.77 15.32 25.94

Mesero: 6
Día: 1
 22.62 28.80 35.30 14.20 43.84 15.75  8.60 13.34
Día: 2
  8.36 40.73 17.97  5.07 37.95 22.53 42.16 38.47 23.40
Día: 3
 47.36 18.99  8.61 32.46 26.79 41.15 20.68 29.06 10.22
Día: 4
 40.59  6.12 36.61 44.36 23.56 28.90 13.81 42.94 17.80
Día: 5
 27.83 20.08 34.22 48.80 43.10 24.25 44.87 45.38 21.24
Día: 6
 14.19 48.63 33.54 42.53 31.28 26.93  7.47 22.40 40.45

Mesero: 7
Día: 1
 33.59  5.19 46.58 41.34 11.80 20.20 22.35 24.22 34.47
Día: 2
 36.92 13.34 26.28  8.27 18.31 49.47 25.17 12.69  8.53
Día: 3
 34.14 14.52 25.12 48.50 25.25 12.13 24.50 44.56 24.20
Día: 4
 42.41 16.85 18.98 43.83 28.16  7.77 10.92 27.61 10.44
Día: 5
 18.28 36.05 42.10 43.07 35.92 45.28 18.09 22.29 22.15
Día: 6
 13.00 42.16 14.21 25.82 27.22 26.39 14.01  9.86 37.40

Mesero: 8
Día: 1
 42.36 37.92 45.51 15.59 28.17 14.80 34.78 25.14 49.68
Día: 2
 18.74 45.87 36.93 32.53 12.70  8.79 13.36 22.04 41.45
Día: 3
 34.57 38.87 12.74 33.35 37.07 33.98 26.18 10.47
Día: 4
 25.18  7.62 41.84 46.60 32.14 44.98 11.28  6.28 45.90
Día: 5
  9.67 40.82 40.25 19.64 48.66 40.59 47.38 30.72 20.53
Día: 6
 12.78 17.65 40.22 10.30 37.26  5.81 21.30 28.22 30.02

Mesero: 9
Día: 1
 46.99 46.83 44.75  5.82 27.13 12.37 20.04 42.76
Día: 2
 31.21 16.72 49.88 21.30 20.67 40.97 34.81 34.77 43.34
Día: 3
 14.67 34.23 39.91 40.81 43.62 44.05 49.33 40.72  6.95
Día: 4
 28.21 31.01 35.41 13.44 32.29 10.27 10.01 27.42 31.00
Día: 5
 19.37 21.56 14.07  8.50 26.95 33.88 22.58 37.62 33.09
Día: 6
 36.15 34.04 31.11 45.57 10.64 18.70 46.27 24.76 28.79

